-------------------------
MTQA
[97.5, 96.66666666666667, 95.83333333333334, 96.66666666666667, 95.0, 96.66666666666667, 95.83333333333334, 97.5]
96.45833333333334
0.8068715304598771
[96.66666666666667, 96.66666666666667, 96.66666666666667, 96.66666666666667, 96.66666666666667, 96.66666666666667, 96.66666666666667, 96.66666666666667]
96.66666666666667
0.0
-------------------------
QA
[96.66666666666667, 95.0, 96.66666666666667, 95.83333333333334, 97.5, 97.5, 96.66666666666667, 95.0]
96.35416666666667
0.9258535851370405
[96.66666666666667, 96.66666666666667, 96.66666666666667, 96.66666666666667, 96.66666666666667, 96.66666666666667, 96.66666666666667, 96.66666666666667]
96.66666666666667
0.0